-0.58991 -0.101923 -0.639638
-0.920707 -0.166011 -0.196456
-0.796575 0.233273 -0.812753
-0.688809 0.457031 -0.81016
-0.666273 0.272413 0.599296
-0.501425 -0.262038 -0.434761
-0.391869 -0.0337534 -0.719112
-0.667444 -0.208188 -0.260318
-0.669134 -0.0491086 -0.825216
-0.704851 0.328042 0.494746
-0.454642 -0.141796 -0.73972
-0.893264 0.574962 -0.282313
-0.643504 0.157577 0.654437
-0.795412 0.375088 -0.629236
-0.417987 0.619367 -0.746982
-0.537482 -0.394723 -0.107467
-0.615622 0.346509 -0.796251
-0.598575 0.243195 0.615029
-0.68592 0.388768 0.430298
-0.661406 0.29344 -0.890355
-0.420277 -0.0480334 0.785715
-0.606501 -0.179912 -0.556612
-0.569277 0.139126 -0.905894
-0.837103 -0.07351 0.376802
-0.386002 0.0208377 -0.881106
-0.411213 -0.140962 0.844481
-0.568965 -0.0559091 -0.874596
-0.505563 0.36883 -0.751242
-0.491226 0.0903651 0.725738
-0.820148 -0.0176427 -0.742878
-0.765224 -0.302634 -0.00543163
-0.635523 0.0371132 -0.863773
-0.336233 0.362512 -0.570517
-0.482074 -0.0259304 -0.878286
-0.36953 0.122695 -0.715541
-0.660716 -0.176879 -0.583863
-0.650507 -0.133 -0.741999
-0.781113 0.0912745 -0.858633
-0.955059 -0.108326 -0.169468
-0.959509 0.348922 0.00865304
-0.870849 0.44569 0.121881
-0.432391 0.160167 -0.759811
-0.921296 -0.0336729 -0.484855
-0.982977 0.188262 -0.486288
-0.893795 0.0702451 0.29038
-0.925171 0.139099 0.13093
-0.524025 0.294757 0.653704
-0.325752 -0.391942 -0.164454
-0.361255 -0.0128949 0.910714
-0.730507 0.257314 0.513389
-0.783192 0.183749 0.462153
-0.513739 0.21208 -0.689692
-0.492626 0.00533054 -0.574952
-0.30287 -0.014831 -0.674998
-0.841226 0.172008 0.361322
-0.798814 0.268186 0.405363
-0.300199 0.00969979 -0.775459
-0.418556 0.758529 -0.710601
-0.62313 0.0417496 -0.57105
-0.561999 0.412341 0.450816
-0.678572 -0.411103 0.208519
-0.596621 0.0818834 0.675495
-0.37443 0.267972 -0.675301
-0.526734 0.00894618 -0.765876
-0.730353 0.583035 -0.718138
-0.926662 0.106735 -0.540504
-0.194736 -0.428962 -0.0839187
-0.888538 0.148518 0.229683
-0.491072 0.546782 -0.834675
-0.726646 0.00160684 -0.846053
-0.498278 -0.074853 0.709049
-0.343616 -0.078985 -0.606547
-0.804065 0.351743 0.379659
-0.715154 -0.14327 -0.62182
-0.578042 -0.066245 -0.555552
-0.877481 0.319398 0.214191
-0.936783 0.174024 -0.417298
-0.651469 -0.13925 -0.461657
-0.936111 0.0255897 -0.289748
-0.982257 0.00861311 -0.0360396
-0.963526 -0.0914535 -0.0569983
-0.459673 -0.0829695 -0.80075
-0.346468 -0.0801272 -0.807393
-0.821675 0.0595909 0.370747
-0.790423 -0.0270042 -0.343239
-0.980694 0.123801 -0.303513
-0.87031 0.24426 0.280447
-0.311852 -0.189908 -0.628422
-0.930351 0.399835 -0.542674
-0.496153 -0.0940748 -0.722555
-0.350389 -0.261865 -0.492978
-0.432121 -0.0685309 -0.606069
-0.775687 -0.181127 -0.449184
-0.64763 0.609635 0.0647401
-0.937135 -0.171126 0.00366797
-0.991349 -0.0441725 -0.280673
-0.598389 0.614991 -0.688461
-0.759708 0.545359 -0.596653
-0.738763 0.570725 0.10038
-0.428745 0.216041 0.797349
-0.654424 0.486214 0.271969
-0.661683 -0.245869 0.583553
-0.532918 -0.171543 0.759619
-0.306032 -0.292528 -0.409018
-0.564892 0.220841 0.697355
-0.520648 0.363498 0.553302
-0.385906 0.50855 -0.684479
-0.27635 -0.0910707 -0.70099
-0.415632 0.289905 -0.773904
-0.664443 0.533243 0.184837
-0.779105 0.48491 0.213895
-1.00091 -0.0237943 -0.158762
-0.521634 0.687489 -0.764056
-0.367013 -0.0841022 -0.511825
-0.427596 -0.257394 -0.361733
-0.444838 0.432084 -0.803728
-0.833006 0.647259 -0.531222
-0.700602 -0.0301416 0.552459
-0.666433 0.259626 -0.716333
-0.258423 -0.377708 -0.219619
-0.870757 -0.00978568 0.264955
-0.460087 0.308678 -0.881832
-0.947129 -0.0667948 0.0809747
-0.996408 0.0745678 -0.189762
-0.883756 0.0634122 -0.742607
-0.361668 -0.158078 1.02792
-0.386332 -0.340956 -0.213285
-0.512936 -0.00427958 -0.974687
-0.544685 -0.298215 0.684424
-0.893542 0.293746 -0.55812
-0.870575 -0.0918115 -0.398196
-0.580294 0.517664 -0.779639
-0.59488 0.332036 0.561711
-0.925429 0.265584 -0.641206
-0.773348 -0.0700442 -0.715487
-0.966532 0.117843 0.0321789
-0.494831 0.134624 0.794131
-0.273259 -0.175038 -0.565174
-0.646607 -0.233662 -0.459498
-0.483962 -0.323633 -0.191171
-0.347364 -0.178509 -0.705728
-0.433892 0.0126137 -0.8083
-0.393176 0.0629139 0.90742
-0.982736 0.0994828 -0.0781708
-0.721994 0.05903 0.563794
-0.485089 0.127961 -0.968397
-0.688676 -0.323755 -0.100872
-0.525048 0.0202914 0.762422
-0.843686 -0.130551 -0.339813
-0.644616 0.0904133 -0.959827
-0.683196 0.443242 0.340539
-0.828692 -0.105114 -0.631639
-0.6061 -0.365643 -0.0383518
-0.738082 -0.169432 -0.33487
-0.57552 0.466106 0.340044
-0.415019 -0.217415 0.794072
-0.157356 -0.505376 0.063496
-0.60944 -0.321902 -0.195255
-0.535386 0.279367 -0.942865
-0.945991 -0.0938809 -0.425065
-0.837293 -0.138735 -0.509081
-0.678653 0.0180094 -0.732741
-0.374997 -0.214101 0.882623
-0.955204 -0.127439 -0.279579
-0.376152 -0.404707 0.812765
-0.285031 -0.128096 -0.795253
-0.794968 -0.0157548 0.466165
-0.404788 0.392353 -0.674716
-0.567821 -0.176205 0.659656
-0.861862 0.510917 -0.592706
-0.424317 -0.190359 -0.554404
-0.458181 -0.334963 0.749459
-0.839204 0.412651 -0.702422
-0.54064 -0.1593 -0.421657
-0.330947 -0.438137 -0.0527728
-0.333598 0.499773 -0.589451
-0.616842 -0.0344878 0.66649
-0.483007 -0.169225 -0.632455
-0.913785 -0.0303546 -0.605975
-0.466381 -0.431254 -0.0212045
-0.860537 0.197437 -0.737891
-0.497331 0.212068 -0.847738
-0.761628 0.615744 -0.0365234
-0.895762 -0.242733 0.096755
-0.903562 0.407236 -0.4536
-0.764773 0.109176 -0.752679
-0.350053 -0.414023 0.943358
-0.691209 -0.131993 0.581049
-0.454982 0.225738 0.735175
-0.788206 0.403273 0.314559
-0.925228 0.00728777 0.0697559
-0.979446 0.0450719 -0.379626
-0.405297 -0.320838 0.867684
-0.759576 -0.126642 0.465329
-0.75056 0.318929 -0.744536
-0.372849 0.625104 -0.643566
-0.93442 0.226991 0.106932
-0.398837 -0.128188 -0.69404
-0.501632 -0.108879 -0.518981
-0.330486 0.0259079 -0.553887
-0.976644 0.198867 -0.0750174
-0.420384 -0.206269 -0.47138
-0.693243 -0.287669 -0.244015
-0.684732 0.182088 -0.830792
-0.793373 -0.209165 -0.296197
-0.942148 0.122843 -0.640749
-0.914436 0.516752 -0.43089
-0.412897 -0.391611 -0.144608
-0.489056 -0.177318 -0.483478
-0.218615 -0.45066 -0.0545476
-0.630636 -0.0257682 -0.454937
-0.4317 0.115696 -0.853979
-0.419939 -0.0258314 0.857674
-0.366257 0.110594 -0.598974
-0.697047 0.717601 -0.616593
-0.793484 -0.149748 -0.187406
-0.715781 -0.100519 -0.53004
-0.281604 -0.153005 -0.459495
-0.603293 0.0939236 -0.655022
-0.65949 -0.0479056 -0.684318
-0.393514 -0.466937 0.825451
-0.707591 -0.266298 -0.113742
-0.76681 -0.0364325 -0.573113
-0.54246 0.175976 0.745986
-0.83222 0.688023 -0.392707
-0.97028 0.295592 -0.414953
-0.829324 0.0388414 -0.638872
-0.457946 0.0693612 -0.677316
-0.583437 0.380698 0.509837
-0.575216 -0.0808347 -0.787551
-0.353041 -0.332499 -0.31165
-0.546996 -0.156214 -0.6893
-0.938659 0.0436705 0.164999
-0.248276 -0.284038 -0.276833
-0.767299 0.0960416 0.473625
-0.914674 0.0242232 -0.123708
-0.649193 -0.247301 -0.357945
-0.553139 -0.277668 -0.308684
-0.985082 0.0396243 -0.493403
-0.899984 -0.164115 -0.112205
-0.486245 -0.329255 -0.305946
-0.557385 0.520032 0.23626
-0.560257 -0.0145271 -0.67513
-0.845408 -0.247443 -0.0675193
-0.779406 -0.258128 -0.185209
-0.702713 0.181606 0.552098
-0.374674 -0.0942607 -0.888431
-0.432774 0.0808373 0.826173
-0.540717 0.392301 -0.889857
-0.990049 0.24792 -0.286155
-0.659987 0.441659 -0.693087
-0.821032 0.205502 -0.610379
-0.282066 -0.234814 -0.378036
-0.555619 0.123109 -0.795047
-0.498969 0.515098 -0.711534
-0.815136 0.0876264 -0.460104
-0.82998 -0.125684 0.0789836
-0.878472 -0.0630104 0.117908
-0.82987 -0.0910776 0.21978
-0.806849 -0.157961 0.280719
-0.716292 -0.199217 0.421965
-0.737261 -0.1901 0.311464
-0.586753 -0.289817 0.55361
-0.538971 -0.383843 0.517461
-0.456313 -0.423286 0.675171
-0.530238 -0.395341 0.290252
-0.447208 -0.310918 0.655101
-0.541241 -0.341838 0.464995
-0.402743 -0.283978 0.501552
-0.547271 -0.307805 0.151833
-0.51116 -0.201013 0.637764
-0.557912 -0.227135 0.371973
-0.40846 -0.102871 0.464078
-0.601856 -0.152456 0.00983248
-0.577049 -0.0224902 0.559137
-0.656563 -0.0821299 0.197
-0.501379 0.0904197 0.325383
-0.703549 0.00783475 -0.105114
-0.714363 0.144543 0.418791
-0.814865 0.122215 0.134662
-0.691578 0.233595 0.249544
-0.848054 0.189484 -0.156338
-0.851144 0.271225 0.16054
-0.945276 0.219602 -0.0409054
-0.853849 0.365454 0.127608
-0.985252 0.2755 -0.203152
-0.932765 0.326718 -0.0412479
-0.975908 0.183684 -0.263382
-0.852726 -0.189774 0.145778
-0.871646 -0.171516 0.0284586
-0.77228 -0.262925 0.284578
-0.80193 -0.201567 0.192688
-0.66127 -0.317915 0.468921
-0.711714 -0.258738 0.055602
-0.528718 -0.451949 0.578643
-0.452136 -0.507914 0.632569
-0.334985 -0.536238 0.584257
-0.445586 -0.422883 0.517661
-0.341462 -0.410887 0.669204
-0.23502 -0.279956 0.579668
-0.346956 -0.333999 0.280823
-0.403675 -0.170044 0.713066
-0.257243 -0.136409 0.460919
-0.239236 -0.0439735 0.657792
-0.365718 -0.135718 0.149128
-0.386867 0.000509476 0.65238
-0.284044 0.0850935 0.361392
-0.309013 0.147998 0.559039
-0.444508 0.0548196 0.0484629
-0.51206 0.175067 0.537545
-0.441443 0.265095 0.282761
-0.537435 0.320281 0.421752
-0.632009 0.246196 0.0248647
-0.711442 0.3437 0.318215
-0.726862 0.392911 0.0685581
-0.750305 0.426503 0.206753
-0.924885 0.313558 -0.120297
-0.903746 0.456642 -0.0425829
-0.884363 0.288827 0.0640827
-0.941571 0.406567 -0.128951
-0.786169 -0.232709 -0.0485951
-0.806076 -0.288247 0.19182
-0.72445 -0.291867 0.384584
-0.751266 -0.324497 0.280556
-0.66249 -0.342204 0.366563
-0.609303 -0.388369 0.450452
-0.511148 -0.455309 0.359227
-0.456641 -0.50677 0.471807
-0.326225 -0.45614 0.381122
-0.213838 -0.434522 0.502295
-0.414091 -0.407039 0.0671016
-0.189021 -0.333567 0.392264
-0.223077 -0.204096 0.280934
-0.0966238 -0.180442 0.456879
-0.361474 -0.253857 -0.0373719
-0.165478 -0.0480113 0.300806
-0.245546 0.00426503 0.200554
-0.12781 0.061732 0.452284
-0.392801 -0.0655584 -0.139506
-0.227547 0.153967 0.176997
-0.315041 0.224784 0.0831395
-0.248936 0.23016 0.317606
-0.466801 0.142002 -0.187889
-0.325621 0.372056 0.136995
-0.52863 0.393716 0.105439
-0.528046 0.458813 0.224694
-0.66834 0.3506 -0.171098
-0.683201 0.524717 0.10628
-0.833517 0.429793 0.0262444
-0.858539 0.506162 0.0492507
-0.920633 0.434627 -0.250583
-0.968538 0.381049 -0.225873
-0.812766 -0.300002 0.0146021
-0.798027 -0.260646 0.0991283
-0.747067 -0.377365 0.178019
-0.707005 -0.350404 0.205236
-0.624611 -0.383111 0.135751
-0.591938 -0.433152 0.249692
-0.499985 -0.417441 0.0891623
-0.400945 -0.454452 0.201775
-0.402688 -0.441991 0.026725
-0.296157 -0.399203 0.0778552
-0.513159 -0.331383 -0.0435314
-0.232494 -0.308811 -0.0636394
-0.420711 -0.277815 -0.233211
-0.261238 -0.146571 -0.0991183
-0.540392 -0.192114 -0.185997
-0.240015 -0.0469106 -0.23217
-0.441382 -0.123966 -0.387768
-0.289932 0.0691743 -0.181182
-0.59661 -0.0515015 -0.299796
-0.299679 0.166065 -0.324859
-0.504389 0.0652913 -0.452017
-0.336614 0.249053 -0.200527
-0.668398 0.144231 -0.31156
-0.45881 0.352382 -0.1955
-0.620228 0.24763 -0.495983
-0.529455 0.485113 -0.0607538
-0.792807 0.314125 -0.327728
-0.690279 0.542153 -0.0688243
-0.920419 0.353923 -0.415249
-0.885421 0.575665 -0.188921
-0.970797 0.422435 -0.322692
-0.924359 0.497508 -0.152571
-0.753549 -0.340478 0.079059
-0.708676 -0.397073 0.321466
-0.615895 -0.431788 0.468832
-0.642133 -0.439068 0.347086
-0.585048 -0.47649 0.38519
-0.450682 -0.546132 0.377258
-0.450071 -0.514185 0.247181
-0.279374 -0.523182 0.227773
-0.311583 -0.477815 0.127806
-0.192832 -0.452092 0.028889
-0.31754 -0.374929 -0.0463626
-0.174228 -0.353145 -0.0997589
-0.292438 -0.296734 -0.165899
-0.199116 -0.225507 -0.184736
-0.353023 -0.163608 -0.240583
-0.222399 -0.129614 -0.292221
-0.296644 -0.05623 -0.336163
-0.254919 0.0342351 -0.340241
-0.411832 0.0507754 -0.338806
-0.270896 0.104168 -0.423695
-0.339493 0.166193 -0.431316
-0.313003 0.275993 -0.396468
-0.489237 0.230498 -0.349124
-0.338048 0.323933 -0.53819
-0.460757 0.387435 -0.422636
-0.490379 0.491428 -0.293105
-0.679635 0.477196 -0.292854
-0.53835 0.512948 -0.565517
-0.78385 0.588628 -0.225333
-0.825766 0.568726 -0.393265
-0.861253 0.546216 -0.0818361
-0.924442 0.532266 -0.285098
-0.66692 -0.400408 0.062148
-0.675529 -0.328181 -0.0351505
-0.629557 -0.456973 0.245935
-0.559077 -0.472324 0.560403
-0.542665 -0.492074 0.456812
-0.472451 -0.537055 0.555941
-0.336201 -0.536613 0.332185
-0.279575 -0.546156 0.386592
-0.219554 -0.500416 0.108287
-0.21708 -0.485263 0.287638
-0.203079 -0.422399 -0.0428376
-0.211982 -0.384205 0.189328
-0.217111 -0.328637 -0.196788
-0.236045 -0.25302 0.10042
-0.261052 -0.228925 -0.302251
-0.264727 -0.0899422 0.0159347
-0.28201 -0.118431 -0.415288
-0.281363 0.0573326 0.00566318
-0.339337 -0.0152465 -0.454861
-0.297743 0.232611 -0.0441688
-0.327727 0.111648 -0.532874
-0.317293 0.348985 -0.0155707
-0.39887 0.219526 -0.536737
-0.357895 0.454942 -0.0205701
-0.4662 0.364774 -0.589341
-0.488017 0.551452 0.0621094
-0.638214 0.403198 -0.469838
-0.608392 0.591011 0.0542173
-0.807918 0.481496 -0.494129
-0.703647 0.635655 -0.0155678
-0.918385 0.538414 -0.391171
-0.835446 0.61127 -0.0801408
-0.628773 -0.438734 0.122723
-0.591364 -0.502086 0.306054
-0.472747 -0.490137 0.682341
-0.516684 -0.563012 0.496388
-0.487714 -0.566325 0.592748
-0.419901 -0.59327 0.482961
-0.323754 -0.58185 0.530886
-0.220175 -0.599488 0.40117
-0.165927 -0.569233 0.309458
-0.137731 -0.50837 0.20219
-0.0923813 -0.459693 0.216581
-0.100496 -0.395753 0.130467
-0.111166 -0.312766 0.150122
-0.138621 -0.233155 0.0247628
-0.123068 -0.170662 0.094015
-0.157688 -0.086788 0.00526877
-0.155682 0.0169486 0.0370949
-0.197328 0.10156 -0.121303
-0.172577 0.164035 -0.0241362
-0.203031 0.234042 -0.106169
-0.232208 0.283649 -0.218079
-0.26057 0.34901 -0.312535
-0.292152 0.402716 -0.301579
-0.278669 0.467177 -0.359599
-0.376069 0.521444 -0.411822
-0.373728 0.586833 -0.285593
-0.523968 0.604944 -0.201249
-0.564896 0.670876 -0.109538
-0.69888 0.680821 -0.139493
-0.755257 0.664418 -0.357672
-0.845314 0.653288 -0.192591
-0.800135 0.589159 -0.00726754
-0.599705 -0.448217 0.00802949
-0.546193 -0.408846 -0.00259325
-0.526727 -0.540498 0.407334
-0.507235 -0.509152 0.535322
-0.514837 -0.549089 0.338929
-0.397183 -0.542594 0.700026
-0.320984 -0.586489 0.418998
-0.213204 -0.557663 0.518687
-0.157702 -0.554664 0.209583
-0.147667 -0.49316 0.414005
-0.121333 -0.455307 0.0865136
-0.0890106 -0.39515 0.256978
-0.139153 -0.319097 0.0200703
-0.102964 -0.22186 0.221926
-0.1658 -0.166163 -0.0820015
-0.113566 -0.0480279 0.140571
-0.183115 -0.0196118 -0.101968
-0.138597 0.131859 0.124719
-0.223107 0.159424 -0.229671
-0.167698 0.288552 0.000584657
-0.248705 0.250804 -0.347393
-0.224676 0.383885 -0.177654
-0.296707 0.368583 -0.455732
-0.327515 0.485545 -0.178317
-0.37074 0.460637 -0.538867
-0.430823 0.560248 -0.129817
-0.491915 0.592932 -0.421385
-0.620483 0.685738 -0.344324
-0.675202 0.636099 -0.50843
-0.755512 0.768494 -0.37749
-0.85873 0.655275 -0.387089
-0.826334 0.704861 -0.259105
-0.559934 -0.482644 0.142641
-0.521486 -0.512195 0.241215
-0.43471 -0.570249 0.660614
-0.463299 -0.607149 0.483601
-0.433269 -0.625548 0.594777
-0.353758 -0.628728 0.555047
-0.268558 -0.628442 0.657464
-0.198885 -0.64373 0.536483
-0.11773 -0.58526 0.512571
-0.0739672 -0.533148 0.41431
-0.0407798 -0.457133 0.442753
-0.0461938 -0.373997 0.390108
-0.0329863 -0.280252 0.422856
-0.0477583 -0.18459 0.365368
-0.0351118 -0.105022 0.423357
-0.0485754 -0.017505 0.353301
-0.0404494 0.0706878 0.382506
-0.0665121 0.163892 0.302172
-0.092123 0.228743 0.290002
-0.118646 0.303512 0.143011
-0.138695 0.358574 0.0378537
-0.185143 0.411223 -0.0440252
-0.211109 0.466703 -0.143099
-0.254432 0.554894 -0.183502
-0.296124 0.5798 -0.332305
-0.370385 0.647702 -0.239465
-0.432267 0.68449 -0.306273
-0.521016 0.731682 -0.404466
-0.607018 0.745174 -0.245524
-0.733974 0.758549 -0.313587
-0.727646 0.745683 -0.224535
-0.782992 0.712392 -0.151539
-0.471207 -0.480477 0.031053
-0.475172 -0.495017 0.121303
-0.494038 -0.550735 0.243775
-0.395369 -0.615017 0.69945
-0.432946 -0.601122 0.401827
-0.365599 -0.519573 0.820006
-0.38927 -0.627992 0.59317
-0.233125 -0.550323 0.654559
-0.114819 -0.618818 0.407667
-0.0800902 -0.497204 0.53179
-0.0618726 -0.45429 0.323123
-0.015486 -0.338436 0.509014
-0.060985 -0.273338 0.296725
0.000284895 -0.165562 0.514636
-0.087376 -0.104514 0.256313
-0.014246 0.00171361 0.477735
-0.0838174 0.0617793 0.245815
-0.0295328 0.164109 0.420212
-0.117456 0.225074 0.126954
-0.0966988 0.31004 0.271584
-0.174275 0.339051 -0.0901853
-0.175311 0.417925 0.0815338
-0.236095 0.481538 -0.25849
-0.313234 0.548108 -0.0347169
-0.323625 0.564777 -0.47787
-0.412744 0.656215 -0.13707
-0.393694 0.659254 -0.469243
-0.531142 0.720407 -0.207123
-0.563897 0.651343 -0.555684
-0.677159 0.771868 -0.244263
-0.752798 0.723241 -0.468311
-0.674878 0.72675 -0.112817
-0.397638 -0.514191 0.18775
-0.411654 -0.588557 0.30369
-0.363104 -0.612333 0.799009
-0.402371 -0.644358 0.496412
-0.377662 -0.672849 0.642059
-0.331932 -0.695835 0.746689
-0.275309 -0.617525 0.847681
-0.174889 -0.679504 0.676845
-0.15632 -0.600488 0.695579
-0.0331452 -0.518255 0.640857
-0.0109484 -0.432582 0.564797
0.00355795 -0.303614 0.657867
0.0142368 -0.216949 0.602567
0.0161315 -0.0841336 0.649651
-0.00243131 -0.0231483 0.558849
0.0163606 0.0580267 0.641317
0.0238013 0.113912 0.563171
0.00124875 0.21316 0.556097
-0.0284524 0.261093 0.385704
-0.0740952 0.320834 0.420287
-0.0667044 0.356162 0.233519
-0.137677 0.450855 0.218282
-0.165 0.488608 0.0374056
-0.244057 0.589903 0.0110654
-0.286531 0.619095 -0.191445
-0.347915 0.731487 -0.27726
-0.400033 0.744805 -0.360042
-0.502698 0.751107 -0.285605
-0.589241 0.802371 -0.439426
-0.689675 0.81405 -0.453999
-0.68378 0.753602 -0.425324
-0.631605 0.720982 -0.114434
-0.322622 -0.473352 0.00875659
-0.343146 -0.503679 0.0831367
-0.346485 -0.644946 0.351213
-0.348084 -0.678629 0.571013
-0.384423 -0.578093 0.169786
-0.307278 -0.682601 0.794167
-0.344741 -0.664594 0.705026
-0.288096 -0.588167 0.757419
-0.0952827 -0.603208 0.59782
-0.0963052 -0.500019 0.745156
-0.124491 -0.412789 0.681841
-0.227129 -0.247951 0.802392
-0.0830385 -0.226147 0.572898
-0.057945 -0.142991 0.762984
-0.0948102 -0.0394116 0.669534
-0.155369 0.0895307 0.758504
-0.0444541 0.103238 0.514894
-0.0487719 0.133604 0.682221
-0.106571 0.223617 0.514904
-0.222853 0.313425 0.529895
-0.159671 0.358403 0.181139
-0.194462 0.374673 0.350671
-0.232015 0.496972 0.119389
-0.361576 0.571614 0.0791873
-0.277064 0.667846 -0.340904
-0.376619 0.702406 -0.190587
-0.352076 0.714547 -0.455388
-0.446997 0.81964 -0.581573
-0.456036 0.696699 -0.597506
-0.580774 0.800123 -0.574213
-0.545889 0.741539 -0.530429
-0.66951 0.819046 -0.347825
-0.290031 -0.575324 0.189471
-0.278266 -0.624404 0.313341
-0.300886 -0.69295 0.463589
-0.271522 -0.725716 0.574928
-0.284596 -0.724907 0.652005
-0.248845 -0.729774 0.721193
-0.223481 -0.654283 0.723531
-0.31275 -0.546497 0.876527
-0.331104 -0.477476 0.836338
-0.270166 -0.390557 0.85111
-0.0703425 -0.312669 0.845046
-0.262076 -0.193015 0.941149
-0.354467 -0.129718 0.884383
-0.233528 -0.0304652 0.848422
-0.0707321 0.0351018 0.810331
-0.256421 0.102295 0.915884
-0.297104 0.139866 0.820572
-0.187656 0.218349 0.737767
-0.0960467 0.223801 0.645434
-0.291473 0.266811 0.670691
-0.373013 0.314261 0.576645
-0.301348 0.374958 0.458521
-0.259432 0.449618 0.31319
-0.40719 0.539236 0.25413
-0.481732 0.594717 0.0392703
-0.456509 0.690447 -0.100118
-0.427436 0.742969 -0.217615
-0.436331 0.8511 -0.450005
-0.51224 0.843025 -0.475128
-0.585787 0.833955 -0.357234
-0.548357 0.803065 -0.373067
-0.621801 0.803171 -0.273116
-0.199252 -0.526259 0.0684793
-0.217768 -0.545579 0.180311
-0.208842 -0.650385 0.25914
-0.19302 -0.751102 0.647945
-0.23099 -0.700576 0.444133
-0.209982 -0.727522 0.796994
-0.278806 -0.676529 0.853757
-0.182158 -0.620875 0.86896
-0.201304 -0.51801 0.844107
-0.207084 -0.381946 0.995496
-0.362901 -0.298786 0.849075
-0.1461 -0.250256 1.01592
-0.122771 -0.111271 0.920499
-0.224102 -0.0246205 1.00123
-0.353412 0.0425781 0.894352
-0.141676 0.0654733 0.970187
-0.0888776 0.149859 0.845069
-0.211066 0.180029 0.865558
-0.394787 0.208969 0.766814
-0.177495 0.231684 0.778175
-0.135369 0.307756 0.606262
-0.284433 0.351559 0.613048
-0.474484 0.43017 0.481063
-0.382013 0.45586 0.386488
-0.314278 0.599144 0.0462724
-0.461505 0.672453 0.00105516
-0.536312 0.723723 -0.0920473
-0.440807 0.784573 -0.273269
-0.360585 0.710731 -0.559019
-0.502366 0.816793 -0.355254
-0.432819 0.766724 -0.514028
-0.536614 0.794555 -0.251673
-0.192095 -0.647435 0.398415
-0.137952 -0.627674 0.234194
-0.154301 -0.749412 0.72944
-0.155133 -0.735467 0.519347
-0.084905 -0.758718 0.576445
-0.10653 -0.750041 0.672179
-0.247946 -0.581115 0.922455
-0.229381 -0.529637 0.942759
-0.139485 -0.461752 0.925503
-0.0372659 -0.389057 0.907885
-0.321141 -0.271794 0.993579
-0.279582 -0.17378 1.06242
-0.138362 -0.0678388 1.05128
-0.0203015 -0.0127708 0.925133
-0.31711 0.0690795 0.987032
-0.261058 0.111903 1.01416
-0.129629 0.181281 0.944083
-0.00693376 0.180868 0.777997
-0.382638 0.210359 0.855396
-0.281166 0.231762 0.848688
-0.236166 0.306311 0.710244
-0.15175 0.332562 0.548687
-0.427669 0.386824 0.594034
-0.422088 0.439808 0.447896
-0.323429 0.574215 0.183802
-0.350438 0.634179 -0.025619
-0.552534 0.677231 -0.00749941
-0.459627 0.74143 -0.158421
-0.292982 0.834728 -0.40756
-0.254095 0.812467 -0.470057
-0.426092 0.829722 -0.363738
-0.489973 0.795508 -0.260532
-0.0594159 -0.609992 0.158853
-0.086281 -0.605125 0.321138
-0.00730385 -0.715694 0.37883
-0.0273424 -0.742408 0.515456
-0.108422 -0.730477 0.402107
-0.111129 -0.712987 0.746571
0.0547352 -0.626821 0.636234
-0.066602 -0.537161 0.850614
-0.320982 -0.451093 0.924533
-0.249378 -0.319808 1.04405
0.0255139 -0.224348 0.924712
-0.0689373 -0.160766 1.03306
-0.312546 -0.056364 1.00509
-0.261279 0.0174793 1.08974
0.0232086 0.0996912 0.914647
-0.0440663 0.139402 0.952182
-0.338478 0.166821 0.948734
-0.285502 0.199164 0.970033
-0.0121151 0.222229 0.779469
-0.0702451 0.251887 0.726861
-0.393403 0.28387 0.734203
-0.382554 0.345291 0.699103
-0.232315 0.426857 0.482793
-0.304988 0.511301 0.308758
-0.547949 0.576703 0.206389
-0.530681 0.631488 0.102053
-0.376204 0.694488 -0.0975772
-0.288868 0.778431 -0.53938
-0.343387 0.809789 -0.327452
-0.343394 0.815758 -0.499449
-0.291012 0.775242 -0.421291
-0.374405 0.829839 -0.399372
-0.059534 -0.686766 0.379545
-0.101568 -0.71619 0.522425
-0.0320196 -0.761834 0.638228
0.0213332 -0.769993 0.629848
-0.0755542 -0.722839 0.806141
-0.13978 -0.663724 0.848701
0.0328749 -0.610434 0.801993
0.0701637 -0.500013 0.832721
-0.242063 -0.409747 1.02652
-0.225955 -0.279907 1.12507
0.0219605 -0.23448 1.02508
0.0626703 -0.130525 0.969138
-0.240489 -0.0878152 1.12465
-0.187689 0.0112836 1.15275
0.0397199 0.07568 1.02623
0.0898612 0.14943 0.883768
-0.273627 0.150606 1.05441
-0.228846 0.203866 1.039
-0.0188232 0.219136 0.896632
0.0566496 0.251579 0.698173
-0.367165 0.273615 0.831381
-0.280065 0.312342 0.740057
-0.168032 0.396659 0.571339
-0.138175 0.455742 0.342167
-0.51554 0.518138 0.309578
-0.448663 0.570383 0.191779
-0.30311 0.683603 -0.0829911
-0.208226 0.763848 -0.41492
-0.365797 0.783724 -0.271724
-0.302025 0.767032 -0.244562
-0.198465 0.783253 -0.408367
-0.245933 0.804849 -0.34372
0.000794763 -0.669301 0.30269
-0.07433 -0.660427 0.471563
0.011357 -0.749427 0.488886
-0.0521667 -0.764188 0.716441
-0.0284034 -0.738676 0.758825
0.00427422 -0.707109 0.768668
-0.111588 -0.590246 0.940855
-0.16668 -0.49334 1.01519
-0.130618 -0.404006 1.08692
0.0685349 -0.343066 0.972834
-0.170189 -0.21147 1.12203
-0.188659 -0.124659 1.15098
-0.131568 -0.0967195 1.2204
0.0758955 -0.0388735 1.00565
-0.137431 0.0718158 1.12391
-0.152855 0.159636 1.05098
-0.182439 0.135169 1.12602
0.0378126 0.198406 0.868151
-0.194172 0.231615 0.965998
-0.269419 0.255741 0.937189
-0.272492 0.269976 0.869631
0.0149917 0.316762 0.637555
-0.350809 0.366984 0.614902
-0.361318 0.413539 0.531358
-0.447258 0.497525 0.394341
-0.168828 0.541171 0.161166
-0.413846 0.638125 0.0917784
-0.362284 0.68408 -0.0327212
-0.246822 0.7638 -0.22855
-0.155818 0.78164 -0.340692
-0.302503 0.744101 -0.333193
-0.26489 0.783161 -0.293048
0.0297795 -0.687676 0.408118
-0.0306723 -0.721674 0.582778
-0.0171395 -0.698849 0.834534
0.0236357 -0.745205 0.665568
0.0475261 -0.677106 0.800412
-0.038936 -0.641472 0.878817
-0.0526535 -0.534011 0.98807
0.0992975 -0.476949 0.867773
0.0403362 -0.371782 1.09609
-0.0896505 -0.306026 1.10581
-0.0621158 -0.241679 1.17722
0.129262 -0.153022 1.03741
0.0670459 -0.0704215 1.209
-0.067874 -0.0125395 1.13078
-0.0361489 0.0500719 1.2095
0.154175 0.0976562 0.967001
0.0745262 0.169597 1.08623
-0.116556 0.192798 1.06454
-0.115311 0.206145 0.999758
0.231039 0.227534 0.760875
0.0366934 0.252767 0.828822
-0.206412 0.267147 0.82636
-0.289941 0.335548 0.695287
0.00369217 0.342327 0.507576
-0.154487 0.415079 0.437904
-0.318695 0.495733 0.35814
-0.349994 0.563576 0.255597
-0.157796 0.65434 -0.116811
-0.221277 0.713309 -0.15258
-0.298707 0.73156 -0.170154
-0.196165 0.733569 -0.337493
-0.203638 0.746795 -0.294082
0.0178502 -0.606505 0.269037
-0.000796551 -0.675807 0.512516
0.0396785 -0.738549 0.557529
-0.0133337 -0.707891 0.679888
-0.0364978 -0.659378 0.7893
0.0865472 -0.61083 0.812926
0.00424252 -0.557431 0.937912
-0.068534 -0.460459 1.00276
-0.0221759 -0.404027 1.06629
0.106085 -0.306112 1.09107
0.0149962 -0.252704 1.12819
-0.0591084 -0.158555 1.16344
0.0146966 -0.0769465 1.14482
0.130492 -0.0327023 1.11664
0.0221129 0.0343848 1.09364
-0.0429923 0.10518 1.11561
-0.017138 0.174024 1.03323
0.136348 0.202977 0.980321
-0.0694864 0.218518 0.958547
-0.136815 0.261442 0.952733
-0.112958 0.240973 0.868638
0.0328619 0.261765 0.735366
-0.171667 0.304952 0.703867
-0.228016 0.379713 0.582458
-0.266782 0.430086 0.476033
-0.173852 0.472856 0.312943
-0.282652 0.574041 0.174814
-0.271805 0.660001 0.0262449
-0.173858 0.701461 -0.284471
-0.167803 0.715718 -0.20612
-0.288392 0.671924 -0.426995
-0.263708 0.721016 -0.23696
0.0535355 -0.677673 0.467813
0.0486389 -0.705951 0.621104
0.0387854 -0.719467 0.698344
0.0598588 -0.679326 0.732923
0.0578785 -0.633466 0.888068
0.0394346 -0.582341 0.881615
0.0661204 -0.531551 1.0027
0.0310885 -0.488471 1.00602
0.0955568 -0.410374 1.02728
0.0447943 -0.309209 1.06256
0.0807741 -0.218423 1.18126
0.0445178 -0.17537 1.14921
0.117833 -0.117634 1.11196
0.0769184 -0.0296893 1.0797
0.10678 0.0489675 1.1422
0.0318415 0.101479 1.11256
0.159463 0.146655 0.994349
0.00858012 0.198337 0.975755
0.0812246 0.228745 0.93758
-0.017233 0.23427 0.936004
0.172324 0.224317 0.798577
-0.093982 0.263493 0.799507
-0.0560311 0.284653 0.710599
-0.141976 0.340224 0.624478
-0.0634048 0.360216 0.513756
-0.211114 0.45301 0.35612
-0.207822 0.5316 0.241024
-0.238892 0.601705 0.0979348
-0.195227 0.628233 -0.0202666
-0.274997 0.661039 -0.0779277
-0.226619 0.663104 -0.200311
-0.262701 0.682586 -0.283285
0.069168 -0.643096 0.377066
0.0086041 -0.650358 0.562177
0.0752702 -0.687708 0.525633
0.0164782 -0.630245 0.674085
0.062066 -0.645185 0.743404
0.0748415 -0.575074 0.791843
0.102322 -0.535655 0.908088
0.0732905 -0.457946 0.951162
0.10755 -0.40548 0.944353
0.125127 -0.311943 0.973475
0.110429 -0.226373 1.06209
0.07514 -0.160627 1.05637
0.125669 -0.106491 0.994378
0.154799 -0.0262911 0.990167
0.13519 0.0523183 1.03546
0.0672433 0.114398 0.996988
0.140168 0.122697 0.934406
0.155729 0.180454 0.889544
0.181846 0.223099 0.863072
0.0181275 0.248534 0.830263
0.145066 0.233202 0.761516
0.0965326 0.268836 0.732113
0.0790115 0.300885 0.61863
-0.0689584 0.337683 0.574821
-0.0489188 0.39827 0.444621
-0.09582 0.442204 0.368916
-0.120603 0.530053 0.23117
-0.173567 0.58693 0.0945912
-0.233022 0.62166 0.0211467
-0.216542 0.675364 -0.0724473
-0.274567 0.619378 -0.311537
-0.259131 0.670074 -0.160796
0.0653498 -0.618079 0.468643
0.0617541 -0.604173 0.56324
0.0445388 -0.659848 0.619782
0.0165641 -0.592592 0.643725
0.0676474 -0.570352 0.692727
0.0601777 -0.506036 0.73418
0.0657726 -0.521026 0.825717
0.0824401 -0.430471 0.831082
0.0783326 -0.365165 0.883576
0.102785 -0.260018 0.867246
0.127455 -0.211293 0.951898
0.0987591 -0.144151 0.861182
0.109705 -0.0639708 0.891914
0.110535 0.00435858 0.845183
0.0949441 0.0362066 0.934929
0.090873 0.0838224 0.849722
0.176952 0.140373 0.809442
0.131331 0.157712 0.77729
0.0941428 0.181187 0.821796
0.0908407 0.190502 0.722716
0.197177 0.252946 0.660483
0.0938551 0.275102 0.619171
0.0395838 0.309249 0.604204
0.0260024 0.313616 0.504427
-0.0151352 0.396127 0.385899
-0.0673941 0.45944 0.278352
-0.132767 0.497542 0.168565
-0.130705 0.541739 0.116303
-0.1509 0.576551 -0.0207858
-0.19024 0.63969 -0.0509043
-0.260323 0.610433 -0.213935
-0.220845 0.565889 -0.0841507
-0.0219337 -0.575818 0.260889
0.0110411 -0.56627 0.509351
0.0348971 -0.602599 0.411335
0.0179756 -0.548608 0.588605
-0.0222276 -0.56605 0.331281
0.0545757 -0.493531 0.627973
0.0107438 -0.471425 0.466916
0.0608726 -0.410559 0.74406
0.0513286 -0.347472 0.635937
0.06715 -0.272206 0.772895
0.0584764 -0.197618 0.706315
0.0725247 -0.119663 0.781295
0.0519116 -0.082087 0.655067
0.0787039 0.00259356 0.735715
0.0379193 0.0382452 0.62328
0.056634 0.0797298 0.760364
0.0642158 0.0871306 0.669653
0.111998 0.145557 0.708594
0.0675704 0.161867 0.613251
0.0238314 0.204348 0.657699
0.0191021 0.201798 0.532636
0.070852 0.281926 0.525206
-0.0114291 0.296199 0.406971
-0.0251016 0.343246 0.396145
-0.0650858 0.370016 0.256834
-0.09413 0.459924 0.171972
-0.1437 0.452958 0.0327533
-0.174963 0.524178 0.0248659
-0.28982 0.502589 -0.285243
-0.201212 0.608432 -0.147786
-0.229146 0.5506 -0.2083
-0.223594 0.496742 -0.151109
